1.
Reliability =  0.0145508963131

AUC:  0.776024418553  Max Accuracy:  0.8259709951658609  Min Square ROC dist: POD:  0.8421455938697318  POFD:  0.5272688538559863

2.
Reliability =  0.0945232738974

AUC:  0.77820891429  Max Accuracy:  0.822637106184364  Min Square ROC dist: POD:  0.8513409961685824  POFD:  0.5538985939497231

3.
Reliability =  0.196913546227

AUC:  0.77902702888  Max Accuracy:  0.8228038006334389  Min Square ROC dist: POD:  0.8513409961685824  POFD:  0.5406902428632296